34,16,-37.0607142857,252.578571429,-176.215714286
35,1,-33.2032,252.3922,-174.572
36,20,-34.4478571429,249.147571429,-170.685714286
37,6,-35.2317777778,247.603111111,-175.728888889
38,13,-32.5141111111,250.425222222,-178.352222222
39,7,-28.6522222222,248.376777778,-174.973333333
40,7,-31.6331111111,244.174,-173.677777778
41,2,-34.0602727273,244.448181818,-179.654545455
43,19,-26.3751428571,241.971857143,-176.678571429
44,15,-29.6888181818,239.726818182,-174.724545455
45,19,-29.6518571429,238.543142857,-180.555714286
46,1,-25.667,237.9804,-180.488
47,20,-25.5848571429,234.559857143,-175.392142857
48,5,-28.1516666667,233.584833333,-178.931666667
49,3,-26.75525,234.120375,-182.76625
50,18,-22.8611666667,232.641166667,-180.091666667
51,9,-24.2582,229.7966,-177.769
52,12,-27.58075,229.056625,-182.3525
53,2,-21.4422727273,230.109909091,-184.18
54,13,-21.9968888889,226.091,-181.794444444
55,1,-26.5576,224.604,-184.472
56,8,-26.863,226.091,-187.6725
57,19,-29.4727142857,228.184142857,-186.512857143
58,7,-28.2744444444,232.063333333,-186.74
59,11,-31.739875,234.835375,-184.6425
60,6,-31.3738888889,238.012444444,-188.275555556
61,3,-36.196125,239.34725,-185.17125
62,11,-35.364,238.725625,-180.88125
63,6,-39.3023333333,240.773111111,-181.517777778
64,6,-40.1353333333,236.874666667,-185.418888889
65,4,-37.174375,234.202625,-184.6225
66,15,-36.795,232.718545455,-179.805454545
67,2,-43.7218181818,233.985545455,-182.058181818
68,3,-41.522625,228.41875,-183.435
69,8,-39.84325,227.6895,-180.185
70,12,-38.2455,225.4065,-182.4975
72,12,-35.97,228.385625,-177.2275
73,14,-36.606875,223.79625,-177.70875
74,12,-32.0,224.187875,-180.2
75,12,-30.4575,227.754,-177.3825
76,12,-31.833375,225.377375,-173.8025
77,6,-30.1416666667,221.197666667,-176.787777778
78,22,-26.4342857143,224.207285714,-177.47
79,11,-26.374875,226.206375,-173.3875
80,18,-26.9658333333,222.4175,-171.903333333
81,8,-25.4285,219.659,-174.195
82,6,-28.2866666667,218.269555556,-172.374444444
83,2,-31.4993636364,214.566272727,-175.832727273
84,12,-34.816375,218.925875,-174.91375
85,16,-38.1077142857,217.07,-175.164285714
86,13,-38.6844444444,214.571888889,-179.101111111
87,16,-39.698,219.224,-181.192857143
88,4,-44.789125,219.77775,-182.2525
89,2,-41.6199090909,220.654818182,-185.926363636
90,8,-46.4005,223.65925,-186.36
91,13,-47.6427777778,226.520333333,-189.768888889
92,14,-51.456625,226.6375,-185.6575
93,2,-51.2596363636,230.060909091,-180.251818182
94,15,-52.2611818182,224.264090909,-180.806363636
95,9,-48.794,222.9584,-182.329
97,11,-48.210875,227.156625,-176.67875
98,1,-46.3328,223.1982,-176.336
99,3,-43.096,223.57425,-178.31125
100,22,-42.4471428571,227.080285714,-175.062857143
101,3,-44.527375,224.898625,-172.06
103,1,-38.607,224.8592,-173.046
104,12,-40.4475,227.228625,-169.93375
105,4,-41.12475,222.898875,-168.13625
106,21,-34.3195833333,222.169333333,-169.350833333
107,11,-35.62525,226.4295,-167.73375
108,1,-37.7216,225.2748,-164.14
109,18,-35.8255,222.142666667,-164.041666667
110,13,-31.9275555556,222.122333333,-165.012222222
111,8,-32.59925,226.36175,-161.925
112,22,-35.1831428571,228.675714286,-162.668571429
113,13,-38.0372857143,230.547857143,-159.758571429
114,12,-40.320875,231.93325,-163.48875
115,22,-42.088,235.591428571,-161.761428571
116,18,-44.9175,237.064166667,-164.003333333
117,11,-42.794875,234.906875,-167.59375
118,8,-45.15475,232.71075,-169.7025
119,1,-45.3992,230.4054,-172.514
120,6,-48.5027777778,232.731777778,-172.681111111
121,6,-47.2206666667,236.389555556,-173.534444444
122,11,-42.949125,233.967125,-175.47125
123,22,-46.2431428571,232.923,-178.78
124,4,-48.132875,236.30775,-178.115
125,8,-44.127,238.5275,-178.53
126,3,-44.614125,240.25,-174.79875
127,22,-40.769,242.220285714,-175.95
128,13,-41.2036666667,244.362,-172.08
129,14,-42.361,238.724875,-171.05375
130,19,-38.9041428571,237.535,-174.655714286
131,12,-35.694125,240.461125,-173.76625
132,8,-36.22025,238.281,-170.1375
133,14,-36.56475,233.95825,-170.93625
134,11,-33.061375,235.356125,-172.79
135,20,-30.4066428571,238.284571429,-167.497857143
136,19,-32.846,234.124857143,-166.894285714
137,11,-31.15475,231.752375,-169.8575
138,11,-27.63625,234.64675,-169.9875
139,12,-28.1855,234.512375,-164.67875
140,2,-28.2180909091,228.595727273,-164.572727273
141,15,-27.2020909091,227.946363636,-168.314545455
142,1,-23.2298,232.237,-167.844
143,11,-23.258125,235.274875,-165.175
144,7,-24.9741111111,231.181444444,-161.405555556
145,4,-20.788875,229.325625,-163.48875
146,11,-18.729125,232.6975,-161.78875
147,18,-16.361,231.150666667,-158.091666667
148,22,-13.6244285714,234.023714286,-157.731428571
149,6,-11.3648888889,235.514444444,-154.1
150,6,-16.1218888889,232.329333333,-150.973333333
151,19,-17.3622857143,235.571714286,-154.747142857
152,18,-20.6723333333,233.999833333,-156.371666667
153,1,-21.906,235.2392,-159.566
154,13,-24.1121111111,239.879555556,-159.864444444
155,6,-21.4125555556,238.935444444,-156.723333333
156,8,-17.782,237.69875,-158.85
157,12,-18.0535,239.061875,-162.80875
158,12,-17.635875,243.14075,-159.93
159,12,-14.099875,240.365125,-157.52
160,20,-12.2567142857,238.927071429,-163.561428571
161,5,-13.4088333333,243.209666667,-162.865
162,7,-13.0742222222,245.140222222,-158.841111111
163,2,-8.85872727273,242.476636364,-157.565454545
165,19,-8.92085714286,246.788571429,-163.425714286
166,1,-6.6636,247.8266,-160.088
167,16,-3.92385714286,248.152714286,-161.982857143
168,21,-5.2265,249.240416667,-165.830833333
169,2,-4.58927272727,254.318090909,-161.827272727
170,3,-8.053125,255.2465,-166.61875
171,22,-10.3141428571,251.955714286,-164.394285714
172,3,-13.0245,253.00575,-160.32375
173,11,-15.05275,249.159375,-161.245
174,7,-18.17,251.668777778,-158.695555556
175,3,-21.668125,250.73025,-161.29
176,15,-21.8106363636,245.220636364,-163.625454545
177,9,-24.0266,250.5903,-164.367
178,19,-21.79,254.039571429,-164.815714286
179,18,-18.0226666667,252.224833333,-164.42
180,20,-17.5593571429,248.544428571,-167.369285714
182,4,-15.3395,254.938625,-170.35125
183,8,-14.3365,251.9955,-172.34
184,12,-11.313875,253.067875,-170.44375
185,8,-12.4595,249.235,-168.5825
186,12,-13.793625,247.051375,-171.81375
187,5,-9.94483333333,248.2045,-173.103333333
188,1,-8.191,246.9036,-169.724
189,12,-9.6735,243.315625,-169.47125
190,11,-8.306625,243.39775,-173.80125
191,9,-3.1561,245.6866,-171.895
192,2,-3.94927272727,242.254727273,-166.723636364
193,9,-5.979,239.1868,-169.449
194,2,-3.98745454545,238.777181818,-175.423636364
195,16,-0.800142857143,242.736285714,-174.204285714
196,4,-0.661,240.928125,-177.7225
197,12,-4.353375,242.375125,-179.33375
198,11,-4.344625,246.76675,-176.95375
199,4,-1.73475,250.63425,-177.7275
200,21,-4.90508333333,251.49325,-172.464166667
201,18,-1.49383333333,254.6565,-175.356666667
202,13,-3.07466666667,255.259777778,-179.206666667
203,12,-6.769125,254.76025,-175.6075
204,3,-8.53575,259.724625,-173.7325
205,13,-12.2845555556,260.565888889,-170.867777778
206,4,-12.1785,261.6555,-175.58
207,4,-13.707,258.37425,-178.04625
208,16,-16.4917142857,256.886285714,-175.578571429
209,11,-17.906125,255.522375,-179.595
210,8,-14.03325,254.3455,-179.68
211,3,-12.756125,253.472875,-176.4975
212,11,-16.866625,250.5985,-176.31
213,3,-16.4285,250.11675,-181.32625
214,12,-11.127875,249.514375,-179.86
215,1,-12.9726,246.3372,-178.188
216,14,-16.81625,245.227875,-180.0075
217,6,-12.7567777778,245.529111111,-183.007777778
218,11,-9.712,243.497375,-180.83375
219,1,-12.6168,240.5182,-180.024
220,6,-15.0441111111,239.202555556,-183.701111111
221,13,-9.86222222222,241.063222222,-185.925555556
222,9,-7.8808,238.7802,-183.122
223,12,-10.679,237.02575,-178.55125
224,4,-14.2295,234.38125,-181.885
225,11,-16.12875,237.227125,-178.655
226,16,-19.0797142857,238.635285714,-180.465714286
227,13,-19.0801111111,242.832333333,-182.762222222
228,14,-22.3865,241.190375,-178.2025
229,12,-22.41475,246.094625,-177.2025
230,4,-25.878125,249.618375,-178.6875
231,1,-22.7542,251.925,-179.434
232,6,-26.548,253.866555556,-179.917777778
233,4,-27.84475,253.8165,-176.26125
234,11,-23.406875,252.91025,-174.0625
235,22,-22.4872857143,257.297,-175.337142857
236,3,-25.965875,258.79325,-175.60625
237,19,-27.8554285714,256.520571429,-171.89
238,16,-27.9581428571,258.181571429,-168.467142857
240,16,-25.786,252.351,-168.924285714
241,4,-28.560375,247.9145,-169.8775
242,6,-27.0396666667,246.176,-165.16
243,2,-30.3874545455,242.830636364,-167.450909091
244,1,-26.0104,244.1072,-171.598
245,11,-22.6395,245.34825,-169.875
246,14,-23.605375,241.6615,-166.7875
247,19,-23.6847142857,239.611428571,-171.241428571
248,21,-19.0535,242.00375,-174.306666667
249,22,-18.0371428571,241.228285714,-169.098571429
250,18,-19.3015,237.144833333,-169.356666667
251,5,-18.0583333333,236.728166667,-172.718333333
252,15,-14.2776363636,239.842363636,-172.519090909
253,21,-14.2271666667,234.77475,-166.463333333
254,9,-16.7475,232.4173,-169.64
255,1,-12.3732,233.8826,-172.712
256,15,-9.853,237.099818182,-171.071818182
257,1,-8.9402,233.0158,-167.854
258,8,-8.5655,229.61525,-167.4725
259,1,-6.9044,229.8134,-164.692
260,6,-9.29033333333,230.846222222,-162.45
261,7,-12.017,228.055444444,-166.435555556
262,1,-8.3616,224.5888,-165.224
263,6,-8.68011111111,225.289333333,-160.636666667
264,19,-12.1068571429,223.864285714,-161.405714286
265,1,-10.9838,220.9184,-163.754
266,1,-8.4178,219.469,-161.714
267,3,-10.001125,220.315625,-158.19875
268,2,-15.1044545455,219.409818182,-160.940909091
269,11,-10.6285,215.292125,-162.06125
270,5,-8.80283333333,215.186666667,-157.901666667
271,13,-13.1753333333,215.603111111,-155.231111111
272,22,-13.9894285714,211.741,-159.211428571
273,12,-9.47275,209.538,-158.235
274,1,-10.8042,209.482,-154.634
275,22,-14.1725714286,207.919571429,-154.97
276,3,-11.047125,204.983,-157.6825
277,7,-7.83766666667,204.363888889,-154.175555556
278,6,-10.865,205.249222222,-151.456666667
279,3,-13.986375,202.279625,-154.04375
280,6,-10.4246666667,199.829,-155.873333333
281,2,-7.03990909091,200.83,-149.236363636
282,12,-12.288625,199.840875,-149.365
283,14,-12.179,196.37,-153.36125
284,6,-9.44844444444,194.653333333,-149.04
285,6,-13.4992222222,191.035333333,-150.84
286,21,-7.03441666667,189.475666667,-153.110833333
287,6,-6.63711111111,190.516888889,-148.464444444
288,2,-11.4731818182,190.7,-147.290909091
289,12,-12.1105,186.0745,-148.82625
290,1,-7.937,184.2422,-149.192
291,18,-6.9755,184.368666667,-145.75
292,6,-11.5037777778,183.039666667,-144.353333333
293,12,-11.801875,180.356375,-148.145
294,12,-7.220875,179.682625,-149.825
295,6,-5.23211111111,178.824444444,-144.856666667
296,20,-10.0103571429,179.286785714,-140.405714286
297,11,-12.731375,176.870625,-144.245
298,2,-9.76254545455,174.659636364,-148.768181818
299,2,-6.48636363636,175.854545455,-142.220909091
300,19,-9.97485714286,173.359,-140.695714286
301,11,-12.790375,170.510125,-143.0225
302,16,-9.364,168.225857143,-142.71
303,20,-8.04385714286,169.804285714,-136.86
304,12,-12.66225,169.204375,-137.715
305,6,-14.0938888889,165.555888889,-140.586666667
306,3,-9.56425,163.269625,-138.48625
307,2,-13.8400909091,161.319818182,-137.761818182
308,19,-7.90585714286,158.960428571,-136.254285714
309,16,-8.937,156.474714286,-133.807142857
310,1,-7.903,156.688,-129.84
311,1,-4.9466,157.9572,-128.768
312,19,-4.36314285714,155.997714286,-125.461428571
313,14,-7.55425,158.622875,-121.81375
314,7,-3.36811111111,161.675111111,-121.047777778
315,1,-4.4282,161.571,-125.84
316,14,-8.465375,162.018,-126.01125
317,7,-7.18744444444,165.092,-121.33
318,13,-3.03011111111,167.535555556,-125.343333333
320,12,-10.43825,167.53425,-125.85875
321,6,-7.30244444444,171.364888889,-123.5
322,4,-6.709,170.97625,-128.95375
323,15,-12.1378181818,171.213363636,-129.612727273
324,2,-13.2225454545,173.382,-125.842727273
325,4,-7.070625,176.33325,-127.2825
326,21,-10.84075,175.838666667,-132.303333333
327,2,-15.0675454545,175.998272727,-129.904545455
328,2,-10.6750909091,180.100181818,-124.696363636
330,9,-7.2512,180.0137,-131.963
332,16,-13.5298571429,183.654285714,-131.514285714
333,16,-11.4797142857,185.799285714,-133.964285714
334,13,-11.5452222222,183.964777778,-137.386666667
335,22,-17.0127142857,184.909285714,-135.8
336,7,-16.2151111111,189.446888889,-135.532222222
337,6,-12.7315555556,188.468888889,-139.715555556
338,13,-18.558,185.815555556,-141.757777778
339,5,-19.1485,189.9755,-139.195
340,7,-16.2388888889,193.462777778,-140.213333333
341,12,-16.470625,190.3665,-144.70375
342,6,-21.0722222222,190.474666667,-143.477777778
343,11,-20.071,195.06325,-142.31625
344,3,-16.843125,195.74775,-145.19375
345,15,-21.0315454545,193.249090909,-149.707272727
346,3,-22.93025,196.991375,-146.5125
347,19,-19.982,199.599571429,-146.845714286
348,12,-18.36025,199.246875,-150.865
349,7,-24.1513333333,197.984888889,-152.016666667
350,19,-23.865,202.345,-150.11
351,13,-19.4492222222,204.498777778,-151.536666667
352,12,-20.666125,201.78875,-155.49625
353,2,-25.9358181818,203.429727273,-156.366363636
354,11,-23.162625,207.474,-153.495
355,18,-21.0765,207.556333333,-157.05
356,3,-24.317125,205.9,-159.275
357,2,-18.2714545455,204.765,-159.124545455
358,16,-19.8241428571,200.38,-161.568571429
359,1,-20.7984,197.0714,-159.556
360,15,-18.6920909091,194.761727273,-156.183636364
361,14,-19.06075,190.268125,-159.2875
362,16,-17.122,189.337285714,-156.308571429
363,18,-14.4698333333,186.176666667,-157.248333333
364,6,-15.5714444444,182.232666667,-158.97
365,8,-15.344,181.6295,-155.3375
366,13,-13.4694444444,184.060666667,-153.096666667
367,14,-19.443,185.733375,-154.0025
368,22,-19.8418571429,186.735,-150.221428571
369,18,-23.309,184.326666667,-151.538333333
370,4,-20.365,181.10675,-151.465
371,11,-18.7215,182.30925,-147.8775
372,1,-22.1416,180.952,-145.808
373,8,-21.77525,177.917,-147.2975
374,1,-18.4642,177.4738,-147.252
375,20,-18.8317857143,179.519928571,-141.477142857
376,7,-22.8552222222,176.037222222,-143.131111111
377,2,-18.8789090909,173.566,-146.901818182
378,12,-16.98975,174.361625,-141.13125
379,6,-20.583,174.817777778,-138.635555556
380,7,-22.1018888889,170.2,-141.284444444
381,1,-17.6546,169.4238,-138.716
382,6,-17.4586666667,172.345444444,-135.606666667
383,13,-22.6055555556,168.155666667,-135.103333333
384,8,-18.77325,165.8435,-135.8275
385,21,-13.6168333333,166.6285,-133.8975
386,6,-18.8306666667,168.461111111,-131.014444444
387,6,-20.2697777778,163.168444444,-133.413333333
388,20,-14.2741428571,161.040285714,-132.993571429
389,12,-14.570375,164.033625,-129.39
390,12,-19.2065,162.9305,-127.335
391,3,-18.547,158.50125,-129.54125
392,6,-13.819,157.833222222,-128.772222222
393,11,-13.31175,159.95125,-123.39
394,2,-16.2792727273,158.824181818,-124.532727273
395,2,-13.7470909091,153.422,-127.020909091
396,12,-10.854125,155.317375,-124.2625
397,6,-14.1466666667,155.904444444,-119.193333333
398,2,-16.4947272727,152.482545455,-120.894545455
399,12,-11.009625,150.282375,-122.13875
400,6,-8.98066666667,152.418444444,-118.63
401,9,-13.3654,151.3761,-116.009
402,12,-13.42775,146.33625,-118.71375
403,1,-8.7846,146.1864,-118.134
404,6,-8.43033333333,147.012444444,-113.441111111
405,13,-13.3543333333,144.602,-113.9
406,15,-8.93536363636,140.565090909,-117.3
407,2,-4.69881818182,143.844181818,-114.571818182
408,7,-8.622,143.009777778,-110.364444444
409,13,-11.5027777778,139.250666667,-111.698888889
410,1,-7.006,136.896,-113.36
411,18,-4.99883333333,137.567,-110.215
412,19,-7.87428571429,135.988428571,-108.4
413,9,-8.7377,131.879,-111.477
414,6,-3.696,132.965,-112.193333333
415,19,-3.84771428571,132.738,-106.978571429
416,20,-8.07364285714,128.341214286,-107.462142857
417,1,-5.2868,127.4142,-110.18
418,21,0.45025,127.40025,-109.250833333
419,8,-2.1635,123.91025,-107.66
420,13,-5.53522222222,123.549666667,-107.626666667
421,6,-3.00611111111,121.578777778,-111.797777778
422,7,-0.181111111111,119.493222222,-109.544444444
423,11,-4.0495,118.22325,-106.3125
424,12,-6.446875,116.21275,-110.03375
425,12,-2.96,114.578875,-111.90875
426,7,-2.19277777778,113.148777778,-106.72
427,13,-1.89277777778,108.328666667,-109.668888889
428,4,-2.73325,109.266875,-104.1375
429,21,-5.47283333333,106.521166667,-106.861666667
430,6,-2.27455555556,103.422333333,-106.503333333
431,18,-0.994333333333,103.564666667,-101.15
432,1,-4.559,103.476,-100.158
433,18,-6.3605,102.211666667,-97.1383333333
434,12,-10.736,101.34425,-97.56125
435,19,-9.78814285714,103.988571429,-94.5242857143
436,6,-6.18311111111,106.269777778,-96.7544444444
437,22,-9.65842857143,105.860285714,-100.43
438,2,-14.4808181818,104.931545455,-97.73
439,1,-11.059,109.9936,-97.156
440,12,-8.776875,110.72225,-100.42375
441,12,-13.71525,110.07,-101.8075
442,2,-15.5032727273,112.790272727,-97.14
444,9,-12.7256,114.8624,-105.084
445,6,-17.5088888889,115.853666667,-102.214444444
446,1,-15.1588,119.2854,-101.208
447,15,-12.076,120.290454545,-105.437272727
448,6,-16.5123333333,118.443666667,-106.638888889
449,18,-17.815,122.318833333,-104.095
450,4,-14.40325,124.94925,-104.65875
451,12,-14.5225,123.582375,-109.0975
452,1,-18.6036,125.2004,-108.574
453,1,-18.1656,128.1774,-106.85
454,9,-14.1337,129.2873,-107.89
455,7,-19.1166666667,128.438,-112.725555556
456,4,-20.751125,132.013125,-111.40375
457,2,-14.8462727273,134.349545455,-110.326363636
458,22,-14.8514285714,131.771857143,-114.754285714
459,6,-19.6617777778,132.798888889,-116.234444444
460,7,-17.5445555556,137.239666667,-114.471111111
461,11,-13.033125,136.19025,-116.8325
462,1,-15.1692,135.0878,-120.674
463,1,-17.2424,137.8896,-121.122
464,11,-14.884,140.93075,-119.47625
465,1,-12.911,139.5358,-122.986
466,7,-16.863,139.065888889,-125.626666667
467,6,-17.1254444444,142.778111111,-124.335555556
468,12,-12.55525,144.201,-123.9525
469,3,-11.81475,141.806125,-128.77625
470,6,-16.3788888889,144.777444444,-129.258888889
471,12,-13.9935,147.67125,-127.6975
472,4,-11.19675,146.7385,-131.48625
473,21,-8.35833333333,146.188083333,-126.081666667
474,9,-2.9733,148.2561,-127.34
475,4,-3.165625,144.32275,-125.0975
476,1,-6.6868,142.1794,-127.178
477,22,-3.959,139.964428571,-128.842857143
478,3,-2.3805,139.374625,-124.56375
479,22,-6.67871428571,139.288142857,-123.432857143
480,3,-8.416125,137.275125,-126.47625
481,4,-4.176375,134.167875,-125.04875
482,2,-4.44172727273,135.865727273,-119.513636364
483,5,-9.17366666667,133.768333333,-121.813333333
484,7,-7.6076,130.6996,-123.398
485,13,-3.45222222222,130.697555556,-121.566666667
486,11,-7.709375,130.807125,-117.9625
487,5,-10.5838333333,128.417,-120.568333333
488,4,-7.46275,125.9035,-122.405
489,7,-6.79522222222,125.661333333,-116.638888889
490,20,-12.8951428571,125.702285714,-115.531428571
491,4,-12.46375,123.417,-120.165
492,2,-6.74209090909,120.831636364,-118.167272727
493,12,-9.170875,121.1705,-114.2225
494,8,-13.05475,119.23075,-115.2575
495,19,-11.9947142857,116.494428571,-117.734285714
496,12,-8.896375,116.01825,-114.98
497,19,-12.4635714286,116.099,-111.565714286
498,7,-14.2685555556,113.412666667,-114.026666667
499,13,-10.5546666667,111.594444444,-115.226666667
500,2,-8.78581818182,111.937909091,-108.212727273
501,2,-15.5577272727,111.013454545,-108.194545455
502,6,-13.5855555556,107.494555556,-112.918888889
503,1,-10.6126,106.2968,-110.196
504,12,-10.926,107.63175,-106.13625
505,6,-15.6193333333,105.890111111,-107.106666667
506,2,-12.6735454545,100.569272727,-111.0
507,14,-9.135,101.588875,-105.7525
508,6,-13.9685555556,102.402666667,-102.843333333
509,13,-15.2476666667,98.3972222222,-106.447777778
510,12,-11.612625,96.98975,-105.65625
511,12,-10.11075,98.20175,-101.0725
512,6,-15.7782222222,97.9457777778,-100.425555556
513,19,-14.7442857143,93.2197142857,-102.407142857
514,11,-10.941125,92.524,-100.32125
515,4,-13.312375,94.002625,-96.0325
516,7,-17.4487777778,91.9593333333,-97.4666666667
517,12,-13.887375,88.3125,-99.085
518,9,-10.3547,89.6777,-95.631
519,12,-15.546,89.6795,-93.16125
520,6,-16.9878888889,85.2194444444,-96.1455555556
521,15,-11.7464545455,83.2174545455,-93.7527272727
522,1,-14.0084,85.0388,-90.64
523,13,-19.0258888889,84.2486666667,-90.7944444444
524,2,-17.2169090909,80.0316363636,-94.2936363636
525,1,-13.319,79.4554,-90.25
526,1,-14.2698,79.771,-86.79
527,16,-16.723,77.4937142857,-87.0885714286
528,15,-14.2028181818,73.8178181818,-90.4809090909
529,3,-11.248125,75.251625,-85.93375
530,3,-15.56475,74.145375,-83.6175
531,20,-15.9497857143,69.5857857143,-87.5842857143
532,14,-11.5145,70.277125,-86.9825
533,6,-11.5353333333,72.0004444444,-81.7533333333
534,8,-14.58725,68.058,-81.6975
535,1,-13.6958,65.6508,-83.868
536,14,-9.5305,66.187,-82.81625
537,6,-12.8758888889,65.6698888889,-77.9366666667
538,4,-15.453375,62.804625,-80.47125
539,12,-11.905125,60.372,-83.1975
540,7,-8.65377777778,60.8155555556,-79.1344444444
541,4,-13.9885,58.990625,-77.06
542,14,-13.097625,56.69325,-72.7525
543,15,-14.5888181818,53.0323636364,-75.4954545455
544,11,-18.376625,52.68725,-71.1475
545,22,-18.4037142857,48.8075714286,-73.6
546,9,-20.4191,47.0405,-70.037
547,18,-22.815,45.2771666667,-74.7366666667
548,11,-22.777125,43.149875,-78.31625
549,6,-26.7262222222,47.2836666667,-78.4366666667
550,6,-23.2336666667,49.3563333333,-75.4388888889
551,11,-19.867625,48.42025,-79.5675
552,7,-23.38,46.9197777778,-82.7333333333
553,18,-24.0655,51.792,-81.61
554,12,-20.213125,53.457875,-80.47375
555,11,-19.556125,50.900875,-84.54875
556,19,-23.6242857143,53.0737142857,-85.8328571429
557,1,-21.773,56.4574,-85.154
558,9,-16.9931,56.1491,-86.88
559,6,-20.6547777778,54.5945555556,-89.6866666667
560,7,-22.7356666667,58.9704444444,-90.2877777778
561,15,-17.7544545455,61.3260909091,-88.65
563,1,-20.3662,60.1588,-94.574
564,19,-20.0682857143,63.6812857143,-93.37
565,12,-15.304,63.391125,-93.53375
566,16,-16.649,63.7908571429,-97.4228571429
567,6,-20.2222222222,66.663,-97.15
568,1,-16.1294,68.6712,-94.924
569,4,-12.756375,68.20825,-97.76375
570,8,-15.5025,70.87525,-99.2275
571,6,-16.8622222222,73.8725555556,-96.19
572,2,-10.7310909091,72.0056363636,-96.4654545455
573,7,-11.6611111111,72.5496666667,-100.864444444
574,18,-14.7278333333,76.7838333333,-99.9233333333
575,11,-13.000625,78.100375,-96.37
576,14,-8.7895,76.895,-98.67875
577,1,-10.932,79.8654,-101.818
578,11,-12.221,82.840375,-99.525
579,7,-7.885,83.4868,-99.344
580,3,-6.577125,81.92675,-103.2425
581,6,-10.9116666667,85.0135555556,-104.891111111
582,22,-7.97228571429,87.7965714286,-102.045714286
583,6,-3.98488888889,86.0684444444,-102.624444444
584,13,-7.39944444444,85.7318888889,-107.983333333
585,22,-7.98642857143,90.3665714286,-106.787142857
586,11,-4.26025,91.63125,-104.87
587,7,-2.025,88.6945555556,-108.908888889
588,18,-5.04916666667,91.5798333333,-111.191666667
589,21,-6.96475,94.5383333333,-110.335833333
590,3,-0.18825,96.022375,-108.70625
591,11,-3.544875,96.055375,-105.03375
592,2,1.25609090909,99.3103636364,-102.439090909
593,11,-3.20975,95.6175,-99.545
594,18,-1.46816666667,93.2501666667,-96.875
595,18,-3.73316666667,89.9888333333,-97.7766666667
596,18,-3.65133333333,90.1751666667,-93.8633333333
597,3,-7.722125,88.489875,-92.0725
598,16,-7.72071428571,91.6047142857,-89.9471428571
599,21,-11.4369166667,91.2609166667,-89.6
600,18,-8.44733333333,86.0421666667,-88.5216666667
601,19,-7.82885714286,83.9247142857,-84.9128571429
602,22,-7.92957142857,81.1797142857,-88.0814285714
603,19,-4.06842857143,80.2968571429,-89.8414285714
604,14,-5.133375,78.96925,-94.545
605,4,-1.682125,76.022125,-92.69375
606,6,-4.3932,75.7492,-88.844
607,12,-7.51625,74.92125,-90.84625
608,2,-4.04081818182,71.984,-95.2390909091
609,19,-2.65371428571,70.856,-89.8085714286
610,13,-6.49655555556,71.1761111111,-86.9077777778
611,20,-9.24478571429,67.6382142857,-92.8985714286
612,4,-4.26625,66.461125,-92.08625
613,13,-4.75266666667,65.2554444444,-85.9288888889
614,22,-9.12557142857,64.3851428571,-88.3357142857
615,13,-8.17922222222,62.3456666667,-93.0033333333
616,7,-4.15688888889,60.8153333333,-88.6133333333
617,12,-7.259125,60.210375,-85.72
618,22,-10.445,57.9972857143,-88.7285714286
619,16,-8.01314285714,55.3028571429,-89.3428571429
620,11,-6.043625,55.06675,-85.28875
621,2,-12.0222727273,55.5654545455,-82.8445454545
622,4,-11.556,52.253125,-87.33375
623,7,-8.58044444444,49.3487777778,-84.7811111111
624,18,-10.2161666667,50.7346666667,-81.615
625,12,-14.446125,50.91775,-82.55125
626,7,-13.8732222222,46.0963333333,-85.1877777778
627,6,-10.0131111111,45.776,-80.9833333333
628,6,-14.4706666667,46.6771111111,-77.75
629,12,-17.28025,44.070375,-81.77875
630,1,-14.3656,41.2726,-80.59
631,2,-14.0843636364,42.9640909091,-75.3354545455
632,7,-18.1955555556,42.623,-76.0111111111
633,9,-18.8421,38.9408,-80.261
634,1,-15.5286,36.7286,-76.646
635,3,-17.016375,38.352375,-73.545
636,6,-21.7934444444,36.3635555556,-75.5266666667
637,2,-17.5984545455,33.6738181818,-78.2136363636
638,12,-16.751375,33.158125,-72.45125
639,2,-21.5412727273,36.3121818182,-71.4090909091
640,2,-24.2448181818,31.8989090909,-75.26
641,7,-18.9431111111,28.3842222222,-73.7533333333
642,15,-20.7675454545,29.2402727273,-67.2136363636
643,1,-24.4316,28.4138,-69.606
644,1,-24.3608,25.366,-71.416
645,7,-21.637,22.8483333333,-68.9433333333
646,1,-24.665,25.1956,-66.078
647,3,-28.039125,25.28925,-68.06375
648,1,-26.7536,20.8212,-67.386
649,11,-24.759875,20.589625,-64.18625
650,8,-28.40225,21.643,-62.08
651,16,-30.661,19.8158571429,-63.43
652,20,-26.6922857143,15.2301428571,-62.3842857143
653,11,-27.420625,18.1065,-58.815
654,7,-32.3706666667,19.0252222222,-57.7066666667
655,3,-32.5615,14.771375,-61.05375
656,13,-28.6653333333,11.8524444444,-59.0844444444
657,14,-30.13525,15.3615,-54.4475
658,6,-35.09,15.2882222222,-56.0855555556
659,6,-32.7517777778,9.48733333333,-57.5855555556
660,11,-30.8635,9.93875,-52.62
661,1,-34.7952,10.4576,-51.316
662,2,-35.9421818182,7.30381818182,-55.7536363636
663,18,-34.0248333333,5.056,-52.8483333333
664,18,-35.0715,5.62183333333,-49.1033333333
665,11,-39.27425,5.153375,-49.04875
666,7,-37.5458888889,0.579777777778,-50.9188888889
667,11,-41.677,-0.837625,-48.1325
668,19,-38.79,-3.44657142857,-49.92
669,8,-35.9575,-5.774,-48.8825
670,1,-33.2826,-4.8912,-50.572
671,12,-30.17725,-4.083125,-47.29125
672,6,-28.8576666667,-6.66888888889,-51.5011111111
673,4,-31.158375,-2.580375,-53.1625
674,7,-30.5434444444,0.386444444444,-49.9777777778
675,14,-25.373375,-0.6545,-50.39875
676,3,-25.400875,-2.9545,-54.6675
677,7,-28.7381111111,0.908333333333,-57.1544444444
678,12,-25.776,3.61775,-53.01375
679,13,-21.4613333333,2.16155555556,-53.6188888889
680,7,-23.2713333333,1.711,-58.6766666667
681,21,-26.5585833333,6.15558333333,-57.4175
682,6,-20.4673333333,7.00122222222,-55.5633333333
683,9,-18.6102,4.5935,-61.275
684,3,-22.67975,8.1455,-61.93125
685,11,-20.97775,10.920875,-58.8975
686,11,-16.593,9.65025,-60.1
687,3,-17.898375,9.928625,-64.69
688,21,-21.1079166667,14.91725,-64.0175
690,3,-14.82,16.108125,-65.87375
691,3,-18.7985,18.0645,-66.1575
692,11,-18.103625,20.247875,-62.09625
693,4,-13.70575,20.51525,-62.9275
694,13,-15.5181111111,20.8948888889,-68.2711111111
695,12,-18.29975,24.813625,-65.0275
696,6,-14.0624444444,26.1017777778,-62.6233333333
697,8,-13.18525,26.7705,-66.1625
698,4,-15.74025,27.8095,-68.575
699,9,-15.9755,31.0967,-63.266
700,7,-11.4373333333,31.6912222222,-63.5944444444
701,12,-12.1295,32.07325,-68.7175
702,11,-16.08675,34.779375,-67.0725
703,7,-14.0318888889,35.8983333333,-62.7666666667
704,6,-9.33977777778,35.606,-65.7755555556
705,1,-11.8644,38.3826,-68.48
706,12,-13.3155,41.599875,-66.45375
707,22,-17.7247142857,39.009,-67.6714285714
708,15,-18.1403636364,40.1664545455,-63.0063636364
709,4,-22.813875,39.679,-66.9925
710,3,-24.564125,35.12125,-67.48
711,13,-28.1363333333,37.1805555556,-70.5744444444
712,9,-27.3312,33.4162,-71.381
713,19,-27.49,31.2604285714,-66.0857142857
714,3,-30.51025,31.46375,-63.32125
715,21,-28.077,27.352,-62.3766666667
716,19,-23.9717142857,31.7985714286,-60.3414285714
717,14,-19.971375,28.757,-59.82875
718,6,-21.9716666667,29.5073333333,-55.4511111111
719,9,-27.0269,27.5077,-56.547
720,11,-23.219375,24.646125,-59.02625
721,2,-18.3302727273,26.332,-56.1909090909
722,22,-23.3437142857,24.7275714286,-52.8328571429
723,8,-24.91075,21.5895,-54.5325
724,20,-20.8037142857,18.0967142857,-56.925
725,6,-19.9587777778,21.0662222222,-52.1322222222
726,12,-25.1975,19.458,-50.33875
727,12,-24.526125,15.523,-53.6775
728,12,-20.8585,14.594375,-52.365
729,19,-22.6418571429,15.5787142857,-48.01
730,19,-26.1947142857,13.5138571429,-48.8028571429
731,11,-24.1045,10.0245,-50.7175
732,1,-21.9378,9.7142,-47.204
733,2,-26.1148181818,12.0039090909,-44.3409090909
734,19,-27.0094285714,7.75428571429,-46.95
735,11,-23.403625,5.36475,-47.56875
736,3,-23.06425,5.973375,-42.50125
737,6,-27.8256666667,6.35755555556,-42.0411111111
738,22,-27.1601428571,1.907,-44.4614285714
739,6,-22.2942222222,1.71488888889,-42.3944444444
740,19,-24.585,2.27828571429,-39.26
741,7,-28.5047777778,1.24666666667,-39.0522222222
742,11,-26.219,-3.31225,-41.49125
743,12,-23.174375,-3.2705,-37.41625
744,19,-27.7214285714,-2.21942857143,-35.5228571429
745,2,-29.1631818182,-6.55872727273,-39.5627272727
746,4,-25.75775,-7.849,-38.45
747,1,-24.2488,-8.4592,-35.116
748,13,-26.4916,-9.26,-32.646
749,8,-30.088,-9.67725,-34.0725
750,11,-33.72975,-8.409375,-35.68125
751,19,-32.7581428571,-11.4335714286,-38.5657142857
752,7,-32.7376666667,-12.8623333333,-41.7722222222
753,6,-36.1726666667,-13.0178888889,-44.3877777778
754,7,-39.4604444444,-11.7728888889,-39.3533333333
755,14,-36.4804,-8.0556,-40.844
756,3,-38.310125,-7.416875,-44.8675
757,6,-41.268,-7.4808,-42.546
758,15,-39.1309090909,-5.58918181818,-38.7627272727
759,2,-38.8892,-3.0716,-42.666
760,1,-42.2616,-2.961,-43.764
761,18,-43.244,-2.18416666667,-40.305
762,15,-39.0320909091,1.52918181818,-41.4636363636
763,3,-42.3664,2.0488,-43.772
764,9,-46.0375,1.2729,-41.265
765,15,-48.7165454545,3.89209090909,-41.88
766,4,-45.5932,7.5412,-43.554
767,2,-50.0250909091,10.7747272727,-43.2127272727
768,2,-45.0572,10.7952,-45.526
769,13,-41.7332,9.4144,-45.074
770,3,-40.926,13.66925,-45.83125
771,8,-42.453,15.17275,-42.655
772,12,-44.1466,16.7538,-39.864
773,14,-42.356625,14.8625,-36.725
774,4,-43.645875,14.028,-33.20375
775,9,-47.7434,13.595,-34.004
776,6,-47.0525555556,12.449,-38.6222222222
777,4,-44.748,9.34475,-38.25625
778,15,-44.8056,9.1574,-33.752
779,2,-48.1818,8.645,-33.14
780,1,-49.095,6.7138,-35.87
781,5,-46.5868,4.1872,-35.624
782,12,-47.379875,4.388,-31.16375
783,11,-51.373375,4.303125,-32.035
784,18,-50.586,1.48983333333,-35.7066666667
785,14,-47.8495,-1.6655,-33.76375
786,8,-50.136,-1.23075,-30.6325
787,21,-48.3636,0.2576,-27.554
788,4,-50.389,2.4768,-25.778
789,12,-47.9482,4.1928,-23.498
790,8,-48.01325,4.5815,-20.0
791,6,-46.5502,5.9422,-17.122
792,1,-44.2162,8.082,-19.13
793,6,-41.7236,10.4462,-20.498
794,15,-41.9954,9.7894,-24.248
795,1,-40.4308,12.4654,-26.028
796,2,-37.2262727273,15.1635454545,-24.37
797,11,-37.1536,9.0588,-24.394
798,14,-37.4698,9.1238,-27.914
799,19,-34.7285714286,12.1507142857,-28.3142857143
800,12,-32.7792,9.9146,-25.796
801,22,-29.0174,10.1884,-26.168
802,4,-30.0346,12.9618,-28.396
803,16,-28.0878571429,15.841,-27.9642857143
804,3,-29.0358,18.9872,-30.546
805,8,-31.78425,17.86275,-32.59
806,7,-33.3314,20.7446,-33.112
807,8,-36.1155,18.5685,-32.86
808,19,-38.1717142857,16.171,-35.1385714286
809,22,-37.6088571429,12.3227142857,-33.6328571429
810,19,-34.7697142857,11.0008571429,-36.3071428571
811,15,-38.194,6.82909090909,-38.7881818182
812,7,-33.5707777778,4.21077777778,-38.9566666667
813,18,-31.2811666667,5.837,-35.3416666667
814,15,-34.2523636364,7.43236363636,-32.6881818182
815,11,-37.094625,2.462125,-35.8375
816,4,-32.472,0.2885,-34.495
817,15,-34.5753636364,2.09654545455,-29.5290909091
818,14,-37.3542,-0.069,-31.216
819,19,-36.2091428571,-3.606,-32.0614285714
820,2,-31.3553636364,-4.11627272727,-30.1927272727
821,6,-36.3585555556,-0.804444444444,-25.8577777778
822,19,-35.8854285714,-5.35571428571,-26.13
823,1,-31.672,-6.0918,-25.196
824,4,-29.89475,-9.70475,-24.8125
825,19,-25.7074285714,-7.28542857143,-24.2842857143
826,4,-21.923125,-8.605375,-21.72125
827,19,-23.5102857143,-6.55014285714,-18.5542857143
828,1,-20.3808,-5.8488,-15.968
829,6,-22.4012222222,-9.14877777778,-14.7822222222
830,7,-19.8384444444,-12.4178888889,-17.7855555556
831,22,-16.2084285714,-9.393,-17.0671428571
832,11,-16.703625,-9.35825,-12.78875
833,1,-16.946,-13.6856,-13.434
834,18,-14.3953333333,-13.9998333333,-16.0716666667
835,15,-11.2105454545,-10.2390909091,-14.2736363636
836,2,-15.6096363636,-15.1366363636,-10.5081818182
837,11,-11.615875,-17.352,-13.235
838,12,-8.2305,-14.462125,-14.07
839,1,-8.7036,-14.643,-9.746
840,18,-8.76883333333,-17.3848333333,-7.20666666667
841,4,-13.599,-17.234125,-5.905
842,13,-9.84477777778,-13.4002222222,-5.55444444444
843,16,-12.5417142857,-10.0334285714,-4.02285714286
844,21,-9.26983333333,-8.39583333333,-3.31416666667
845,11,-6.6415,-9.072875,-8.96875
846,12,-2.555875,-9.629875,-7.85875
847,1,-0.4092,-7.6712,-11.112
848,6,1.69622222222,-10.1435555556,-9.97444444444
849,6,-2.70833333333,-12.4438888889,-11.9
850,12,-2.496625,-9.6375,-15.14875
851,2,4.35218181818,-11.2516363636,-16.0272727273
852,2,0.615454545455,-15.1327272727,-14.0918181818
853,6,-3.57044444444,-15.2705555556,-16.03
854,12,-3.398125,-11.503,-19.72875
855,16,-1.83785714286,-11.0445714286,-23.2328571429
856,16,1.86257142857,-8.86857142857,-22.8
857,4,-0.202125,-5.60225,-23.87875
858,7,-3.74177777778,-6.642,-22.0511111111
859,1,-1.123,-6.172,-17.872
860,7,0.578111111111,-1.73044444444,-18.4544444444
861,21,-4.9935,-0.9665,-20.8491666667
862,5,-5.4565,-3.61383333333,-16.2966666667
863,11,-2.018875,-2.238375,-13.87375
864,13,-2.94233333333,3.0,-15.3788888889
865,2,-7.85809090909,1.87563636364,-17.1609090909
866,14,-7.423625,-1.75125,-11.965
867,16,-8.68728571429,0.106142857143,-8.62571428571
868,1,-7.2094,-1.0642,-4.944
869,21,-8.3154,-2.925,-1.844
870,18,-11.833,-4.059,-2.74333333333
871,8,-12.44725,-4.9685,0.9475
872,16,-12.8675714286,-6.76557142857,4.00571428571
873,8,-10.044,-9.3805,2.665
874,18,-7.5225,-7.60283333333,1.91666666667
875,22,-4.25971428571,-8.53057142857,-0.364285714286
876,16,-0.649285714286,-7.41885714286,0.102857142857
877,8,-1.513,-5.36525,-3.57
878,1,-4.6874,-5.82,-4.538
879,12,-5.68475,-4.5205,-8.21
880,4,-11.049,-3.31925,-7.77
881,21,-12.6319166667,-7.4625,-9.97916666667
882,1,-15.4644,-3.5928,-9.776
883,1,-14.4412,-0.205,-10.248
884,15,-12.0670909091,-1.93663636364,-14.7245454545
885,18,-16.7145,-2.69616666667,-14.6166666667
886,18,-19.263,0.311666666667,-14.025
887,1,-16.9534,2.5194,-16.246
888,12,-16.362625,-0.33425,-19.10875
889,21,-20.1734166667,-2.592,-20.2383333333
890,8,-23.51925,1.13425,-18.855
891,6,-24.6804,3.2996,-16.188
892,18,-23.4215,6.2355,-14.1766666667
